"Solid5500_2014_06_06_1_L03.1.Idx_1.1.count" "Solid5500_2014_06_06_1_L03.1.Idx_2.2.count" "Solid5500_2014_06_06_1_L03.1.Idx_3.3.count" "Solid5500_2014_06_06_1_L03.1.Idx_4.4.count" "Solid5500_2014_06_06_1_L04.1.Idx_5.5.count" "Solid5500_2014_06_06_1_L04.1.Idx_6.6.count" "Solid5500_2014_06_06_1_L04.1.Idx_7.7.count" "Solid5500_2014_06_06_1_L04.1.Idx_8.8.count"
"phaw_30_tra_m.000096" 717 619 2368 2953 76 243 831 1276
"phaw_30_tra_m.000121" 16 69 436 466 4 5 86 211
"phaw_30_tra_m.000652" 722 790 2438 2846 1621 2194 1832 1470
"phaw_30_tra_m.000882" 206 277 44 44 35 43 82 70
"phaw_30_tra_m.000950" 414 381 1676 1834 697 1788 989 872
"phaw_30_tra_m.000952" 18 168 15 14 12 13 5 38
"phaw_30_tra_m.001045" 590 466 171 37 8 14 30 31
"phaw_30_tra_m.001361" 5 21 661 1030 1516 2 523 75
"phaw_30_tra_m.001423" 4 36 133 156 540 1 413 31
"phaw_30_tra_m.001493" 2 3 73 59 236 0 39 2
"phaw_30_tra_m.001568" 93 196 41 19 12 24 30 22
"phaw_30_tra_m.001950" 0 1 41 31 0 2 7 16
"phaw_30_tra_m.001982" 1 2 85 65 1 1 14 26
"phaw_30_tra_m.002043" 1 2 77 85 502 0 20 51
"phaw_30_tra_m.002135" 1 2 43 24 112 0 39 4
"phaw_30_tra_m.002178" 45 45 204 121 133 235 91 100
"phaw_30_tra_m.002271" 14 47 3 1 1 1 3 7
"phaw_30_tra_m.003365" 26 60 183 151 20 72 88 67
"phaw_30_tra_m.003647" 23 15 75 68 58 98 33 53
"phaw_30_tra_m.003676" 5 50 632 1113 917 2 335 17
"phaw_30_tra_m.003677" 4 25 362 763 592 2 195 14
"phaw_30_tra_m.003709" 24 43 145 132 12 29 54 82
"phaw_30_tra_m.003892" 41 43 201 200 12 39 122 210
"phaw_30_tra_m.003928" 153 192 58 29 15 44 41 46
"phaw_30_tra_m.003938" 618 501 186 116 102 279 213 139
"phaw_30_tra_m.003983" 5 9 43 30 0 1 10 78
"phaw_30_tra_m.004303" 13 85 565 714 1421 4 768 90
"phaw_30_tra_m.004344" 227 287 441 1341 144 359 1622 376
"phaw_30_tra_m.004437" 205 190 763 1003 29 87 286 438
"phaw_30_tra_m.004440" 545 676 99 54 0 2 151 148
"phaw_30_tra_m.004779" 200 159 49 35 25 74 35 16
"phaw_30_tra_m.004938" 6 45 267 186 1520 7 841 65
"phaw_30_tra_m.004947" 1 18 294 308 322 0 289 24
"phaw_30_tra_m.005460" 0 1 25 95 253 1 54 0
"phaw_30_tra_m.005741" 87 97 34 19 4 11 40 29
"phaw_30_tra_m.005779" 51 63 13 7 3 8 2 7
"phaw_30_tra_m.005961" 15 16 51 91 91 92 31 46
"phaw_30_tra_m.006163" 0 3 802 196 1509 0 0 37
"phaw_30_tra_m.007030" 17 169 1622 1356 3373 2 501 43
"phaw_30_tra_m.007181" 16 113 3 2 1 3 3 32
"phaw_30_tra_m.007385" 13 90 290 181 1 2 68 258
"phaw_30_tra_m.007487" 8 46 98 203 73 129 100 123
"phaw_30_tra_m.007594" 2 5 184 300 748 3 269 50
"phaw_30_tra_m.007697" 0 4 452 102 1717 7 2023 93
"phaw_30_tra_m.007739" 113 47 225 355 54 73 547 279
"phaw_30_tra_m.007850" 10 28 33 161 21 62 42 78
"phaw_30_tra_m.007861" 14 16 199 149 6 14 42 86
"phaw_30_tra_m.007917" 7 5 26 39 6 23 22 12
"phaw_30_tra_m.007990" 40 90 229 280 5 7 134 166
"phaw_30_tra_m.008089" 299 425 63 130 47 174 180 115
"phaw_30_tra_m.008150" 20 25 103 131 44 104 97 72
"phaw_30_tra_m.008359" 36 44 130 216 113 209 90 68
"phaw_30_tra_m.008577" 933 717 287 186 190 336 221 166
"phaw_30_tra_m.008803" 26 29 237 183 13 13 60 171
"phaw_30_tra_m.008812" 256 268 80 73 42 75 131 99
"phaw_30_tra_m.008887" 2 5 37 27 8 13 10 14
"phaw_30_tra_m.009084" 1 4 37 25 3 3 10 8
"phaw_30_tra_m.009287" 5 12 45 64 60 163 23 17
"phaw_30_tra_m.009304" 117 111 40 20 10 31 46 47
"phaw_30_tra_m.009461" 11 15 30 109 63 120 27 41
"phaw_30_tra_m.009657" 63 130 338 363 100 223 209 163
"phaw_30_tra_m.009758" 3 17 400 537 3 7 45 105
"phaw_30_tra_m.009915" 64 7 1 0 1 0 1 5
"phaw_30_tra_m.010310" 11 19 65 81 154 257 56 163
"phaw_30_tra_m.010433" 2764 3541 1000 751 950 1508 1213 1066
"phaw_30_tra_m.010679" 633 886 221 182 123 227 335 216
"phaw_30_tra_m.011055" 662 846 2235 2329 172 542 1095 1647
"phaw_30_tra_m.011122" 243 412 817 2298 990 1650 1165 1270
"phaw_30_tra_m.011124" 67 165 260 557 241 783 454 362
"phaw_30_tra_m.011276" 2 3 397 314 916 2 387 25
"phaw_30_tra_m.011622" 128 244 59 49 8 16 32 31
"phaw_30_tra_m.011689" 523 574 183 108 135 253 160 128
"phaw_30_tra_m.011754" 54 84 19 14 4 11 7 14
"phaw_30_tra_m.011793" 23 124 601 516 5 10 121 399
"phaw_30_tra_m.011835" 6 9 140 141 4 10 18 69
"phaw_30_tra_m.011922" 25 20 91 81 30 49 51 37
"phaw_30_tra_m.011931" 5761 1771 1032 703 601 741 625 520
"phaw_30_tra_m.012180" 11 11 69 220 227 711 390 342
"phaw_30_tra_m.012190" 3336 1665 910 653 341 1036 558 495
"phaw_30_tra_m.012250" 2228 2689 574 634 331 742 667 615
"phaw_30_tra_m.012251" 3344 4561 1264 981 838 1351 1377 1061
"phaw_30_tra_m.012329" 36 36 10 6 1 2 6 6
"phaw_30_tra_m.012526" 1 9 117 43 2 0 0 39
"phaw_30_tra_m.012618" 0 3 20 30 3 6 13 19
"phaw_30_tra_m.012850" 1 1 281 128 459 0 5 27
"phaw_30_tra_m.013027" 3 0 122 74 0 1 1 45
"phaw_30_tra_m.013171" 28 46 4 8 4 4 24 9
"phaw_30_tra_m.013264" 86 108 32 27 13 39 24 34
"phaw_30_tra_m.013454" 10 10 62 70 2 10 60 75
"phaw_30_tra_m.013569" 553 531 191 155 83 272 243 196
"phaw_30_tra_m.013912" 10 4 344 518 1007 2 207 47
"phaw_30_tra_m.013987" 25 40 0 4 15 15 6 16
"phaw_30_tra_m.014233" 254 475 131 48 10 18 60 89
"phaw_30_tra_m.014420" 44 225 1239 851 2453 10 1828 153
"phaw_30_tra_m.014441" 4 4 24 28 2 11 13 8
"phaw_30_tra_m.014506" 21 128 275 331 61 97 185 276
"phaw_30_tra_m.014820" 2 2 42 434 1 1 308 0
"phaw_30_tra_m.014836" 658 774 179 144 121 194 281 201
"phaw_30_tra_m.014989" 136 303 758 731 363 612 420 715
"phaw_30_tra_m.015051" 1 5 188 226 540 2 97 21
"phaw_30_tra_m.015131" 987 1205 310 319 94 399 302 232
"phaw_30_tra_m.015170" 0 3 86 82 109 0 10 13
"phaw_30_tra_m.015179" 23 72 168 450 111 207 245 294
"phaw_30_tra_m.015273" 13 12 826 1229 2842 9 448 138
"phaw_30_tra_m.015432" 1333 1519 405 414 311 651 506 446
"phaw_30_tra_m.015489" 149 217 311 1168 390 674 634 584
"phaw_30_tra_m.015508" 1 18 92 62 319 1 331 23
"phaw_30_tra_m.015723" 3 30 254 161 1267 0 223 31
"phaw_30_tra_m.015759" 1 3 68 72 154 1 30 32
"phaw_30_tra_m.016496" 2 0 21 23 0 1 3 11
"phaw_30_tra_m.016546" 2 4 34 29 2 0 13 52
"phaw_30_tra_m.016555" 384 259 14 8 0 1 101 38
"phaw_30_tra_m.017049" 8 1 39 38 1 1 14 9
"phaw_30_tra_m.017271" 13 30 89 80 42 139 39 57
"phaw_30_tra_m.017516" 21 33 7 2 1 4 10 6
"phaw_30_tra_m.017638" 120 185 244 803 487 630 356 349
"phaw_30_tra_m.017771" 723 1150 3212 2777 298 819 1482 2861
"phaw_30_tra_m.017812" 11 8 59 59 0 1 24 58
"phaw_30_tra_m.017918" 47 60 9 19 9 9 6 5
"phaw_30_tra_m.017924" 17 20 91 67 58 105 82 49
"phaw_30_tra_m.017932" 18 43 210 177 17 50 99 107
"phaw_30_tra_m.018020" 74 124 225 642 371 628 529 559
"phaw_30_tra_m.018028" 17 18 64 131 75 214 127 106
"phaw_30_tra_m.018455" 11 8 52 38 39 47 22 18
"phaw_30_tra_m.018771" 51 69 273 224 94 103 135 170
"phaw_30_tra_m.018829" 18 55 193 138 23 62 58 168
"phaw_30_tra_m.018832" 385 475 150 125 103 111 118 85
"phaw_30_tra_m.018840" 7 91 1288 699 2079 8 1138 94
"phaw_30_tra_m.018935" 23 14 116 106 13 32 59 45
"phaw_30_tra_m.019450" 1774 2105 438 352 397 883 770 594
"phaw_30_tra_m.019737" 8 4 145 361 740 0 65 24
"phaw_30_tra_m.019754" 3369 5483 1393 1264 1100 1680 1239 827
"phaw_30_tra_m.019861" 88 313 1527 904 899 3 343 33
"phaw_30_tra_m.020034" 1 0 66 55 276 1 113 12
"phaw_30_tra_m.020036" 2 7 119 102 745 3 218 16
"phaw_30_tra_m.020048" 346 203 70 78 8 31 66 35
"phaw_30_tra_m.020102" 1082 1009 305 355 72 301 382 266
"phaw_30_tra_m.020159" 334 397 658 2083 18 17 1395 814
"phaw_30_tra_m.020214" 36 102 154 509 314 631 485 385
"phaw_30_tra_m.020252" 262 311 93 85 57 216 121 65
"phaw_30_tra_m.020413" 3 2 191 29 1171 2 24 5
"phaw_30_tra_m.020483" 5 13 273 202 1074 3 98 26
"phaw_30_tra_m.020559" 295 713 3671 4268 87 83 1109 2102
"phaw_30_tra_m.020775" 1 8 170 98 0 3 3 39
"phaw_30_tra_m.020932" 12 9 73 57 1 3 8 31
"phaw_30_tra_m.020984" 13 20 60 154 47 61 81 87
"phaw_30_tra_m.021159" 2994 5766 1907 705 666 1349 871 773
"phaw_30_tra_m.021265" 27 47 9 7 4 7 15 9
"phaw_30_tra_m.021490" 19 52 574 284 867 4 577 150
"phaw_30_tra_m.021605" 11 13 37 75 9 41 25 27
"phaw_30_tra_m.021697" 38 109 191 551 221 484 215 210
"phaw_30_tra_m.021727" 5 6 25 35 0 1 6 26
"phaw_30_tra_m.021806" 2189 2422 111 89 125 296 541 268
"phaw_30_tra_m.021944" 130 250 753 768 124 172 264 414
"phaw_30_tra_m.022000" 12984 15816 4704 4275 2544 7039 6883 4950
"phaw_30_tra_m.022061" 1898 1361 332 202 114 141 587 461
"phaw_30_tra_m.022108" 405 402 108 149 46 177 203 127
"phaw_30_tra_m.022306" 38 46 129 203 30 130 108 115
"phaw_30_tra_m.022351" 122 148 749 662 54 103 161 408
"phaw_30_tra_m.022352" 11 18 978 691 2251 10 319 219
"phaw_30_tra_m.022358" 25 3 105 129 38 0 48 125
"phaw_30_tra_m.022477" 2 1 90 3 0 1 112 20
"phaw_30_tra_m.022480" 51 162 726 703 33 91 178 268
"phaw_30_tra_m.022551" 207 491 3119 2084 366 367 814 1621
"phaw_30_tra_m.022671" 0 1 215 34 1877 3 40 6
"phaw_30_tra_m.022714" 4607 4320 1435 1495 1460 1515 1283 1040
"phaw_30_tra_m.022894" 72 235 936 878 62 115 287 504
"phaw_30_tra_m.022910" 410 806 195 133 182 217 263 222
"phaw_30_tra_m.023038" 2 25 189 114 0 1 10 89
"phaw_30_tra_m.023044" 4 8 109 132 0 5 42 56
"phaw_30_tra_m.023182" 13 50 483 489 2110 9 231 117
"phaw_30_tra_m.023609" 15 13 61 111 24 33 40 31
"phaw_30_tra_m.023679" 24 11 95 67 40 81 64 38
"phaw_30_tra_m.023680" 56 106 292 393 145 246 196 149
"phaw_30_tra_m.024128" 36 248 9 8 1 0 4 5
"phaw_30_tra_m.024474" 3693 4555 1357 1189 870 1303 1655 1073
"phaw_30_tra_m.024476" 166 165 31 38 13 23 26 29
"phaw_30_tra_m.024681" 697 768 80 109 3 13 240 176
"phaw_30_tra_m.024771" 1 5 21 22 70 0 51 2
"phaw_30_tra_m.024972" 4 25 568 500 0 1 154 106
"phaw_30_tra_m.025269" 11 15 24 127 78 162 33 63
"phaw_30_tra_m.025417" 18 40 222 312 235 596 114 283
"phaw_30_tra_m.025705" 5 117 0 1 0 1 1 7
"phaw_30_tra_m.025747" 24 20 2 2 1 7 1 10
"phaw_30_tra_m.025753" 57 32 13 8 5 4 12 9
"phaw_30_tra_m.025828" 1 2 31 34 2 3 7 20
"phaw_30_tra_m.025904" 62 60 12 16 10 28 17 15
"phaw_30_tra_m.026183" 12 8 325 152 590 1 111 36
"phaw_30_tra_m.026400" 1 3 58 48 0 1 8 30
"phaw_30_tra_m.026413" 4 168 6 5 6 13 2 7
"phaw_30_tra_m.026477" 2 2 312 557 4893 9 553 22
"phaw_30_tra_m.026521" 1 1 19 55 1 1 17 18
"phaw_30_tra_m.026696" 1269 2600 10188 8239 1039 1420 2891 4665
"phaw_30_tra_u.000735" 5 6 23 239 162 229 181 257
"phaw_30_tra_u.019420" 1412 1140 314 489 159 186 268 286
